0	122	1
0	127	1
0	135	1
1	100	1
1	139	1
1	141	1
2	37	1
2	78	1
2	119	1
3	120	1
3	142	1
3	152	1
4	111	1
4	124	1
4	153	1
5	112	1
5	118	1
5	132	1
6	43	1
6	86	1
6	111	1
7	61	1
7	143	1
7	155	1
8	92	1
8	127	1
8	152	1
9	79	1
9	115	1
9	142	1
10	131	1
10	132	1
10	138	1
11	27	1
11	127	1
11	132	1
12	128	1
12	133	1
12	140	1
13	49	1
13	116	1
13	142	1
14	87	1
14	91	1
14	155	1
15	87	1
15	123	1
15	147	1
16	110	1
16	122	1
16	128	1
17	51	1
17	110	1
17	116	1
18	99	1
18	136	1
18	144	1
19	87	1
19	106	1
19	138	1
20	131	1
20	133	1
20	152	1
21	74	1
21	110	1
21	132	1
22	93	1
22	107	1
22	154	1
23	86	1
23	117	1
23	145	1
24	122	1
24	135	1
24	150	1
25	92	1
25	110	1
25	128	1
26	105	1
26	107	1
26	141	1
27	30	1
27	121	1
27	151	1
28	89	1
28	137	1
28	147	1
29	129	1
29	133	1
29	147	1
30	111	1
30	143	1
30	151	1
31	88	1
31	103	1
31	118	1
32	131	1
32	134	1
32	144	1
33	130	1
33	136	1
33	143	1
34	106	1
34	107	1
34	137	1
35	83	1
35	152	1
35	155	1
36	88	1
36	137	1
36	143	1
37	114	1
37	129	1
37	147	1
38	112	1
38	132	1
38	141	1
39	95	1
39	101	1
39	136	1
40	134	1
40	138	1
40	142	1
41	65	1
41	105	1
41	114	1
42	86	1
42	97	1
42	112	1
42	119	1
43	99	1
43	129	1
43	135	1
43	148	1
44	124	1
44	129	1
44	145	1
44	147	1
45	11	1
45	75	1
45	108	1
45	122	1
46	46	1
46	100	1
46	134	1
46	143	1
47	106	1
47	121	1
47	139	1
47	142	1
48	77	1
48	112	1
48	132	1
48	140	1
49	28	1
49	124	1
49	134	1
49	152	1
50	87	1
50	120	1
50	145	1
50	155	1
51	108	1
51	138	1
51	140	1
51	145	1
52	109	1
52	118	1
52	142	1
52	152	1
53	75	1
53	81	1
53	84	1
53	138	1
54	99	1
54	145	1
54	146	1
54	149	1
55	91	1
55	96	1
55	128	1
55	148	1
56	91	1
56	99	1
56	106	1
56	121	1
57	96	1
57	124	1
57	140	1
57	151	1
58	44	1
58	141	1
58	142	1
58	154	1
59	105	1
59	128	1
59	130	1
59	133	1
60	55	1
60	113	1
60	115	1
60	130	1
61	110	1
61	121	1
61	132	1
61	143	1
62	106	1
62	113	1
62	123	1
62	137	1
63	68	1
63	88	1
63	89	1
63	140	1
64	120	1
64	143	1
64	148	1
64	152	1
65	69	1
65	86	1
65	112	1
65	144	1
66	76	1
66	114	1
66	119	1
66	139	1
67	107	1
67	130	1
67	131	1
67	133	1
68	134	1
68	136	1
68	146	1
68	153	1
69	33	1
69	105	1
69	136	1
69	140	1
70	33	1
70	35	1
70	111	1
70	139	1
71	77	1
71	87	1
71	131	1
71	136	1
71	146	1
72	80	1
72	98	1
72	116	1
72	118	1
72	132	1
73	89	1
73	104	1
73	122	1
73	128	1
73	133	1
74	80	1
74	128	1
74	129	1
74	142	1
74	144	1
75	99	1
75	106	1
75	108	1
75	125	1
75	137	1
76	19	1
76	81	1
76	82	1
76	103	1
76	120	1
77	76	1
77	78	1
77	102	1
77	139	1
77	155	1
78	93	1
78	101	1
78	116	1
78	148	1
78	154	1
79	40	1
79	78	1
79	98	1
79	134	1
79	149	1
80	111	1
80	121	1
80	122	1
80	126	1
80	133	1
81	118	1
81	128	1
81	131	1
81	141	1
81	152	1
82	1	1
82	103	1
82	104	1
82	131	1
82	138	1
83	89	1
83	95	1
83	100	1
83	125	1
83	142	1
84	101	1
84	123	1
84	125	1
84	142	1
84	155	1
85	71	1
85	79	1
85	89	1
85	131	1
85	153	1
86	87	1
86	111	1
86	135	1
86	145	1
86	153	1
87	30	1
87	96	1
87	107	1
87	128	1
87	145	1
88	1	1
88	129	1
88	138	1
88	141	1
88	153	1
89	108	1
89	118	1
89	131	1
89	144	1
89	153	1
90	109	1
90	127	1
90	133	1
90	141	1
90	142	1
91	113	1
91	130	1
91	139	1
91	140	1
91	155	1
92	83	1
92	116	1
92	126	1
92	141	1
92	151	1
93	103	1
93	121	1
93	125	1
93	128	1
93	148	1
94	71	1
94	90	1
94	115	1
94	122	1
94	148	1
94	154	1
95	45	1
95	89	1
95	110	1
95	113	1
95	133	1
95	134	1
95	141	1
96	87	1
96	99	1
96	121	1
96	124	1
96	132	1
96	134	1
96	139	1
96	150	1
97	87	1
97	90	1
97	91	1
97	95	1
97	97	1
97	118	1
97	136	1
97	138	1
97	139	1
98	22	1
98	41	1
98	86	1
98	122	1
98	131	1
98	139	1
98	147	1
98	148	1
98	151	1
99	55	1
99	65	1
99	104	1
99	124	1
99	129	1
99	133	1
99	139	1
99	141	1
99	147	1
99	153	1
100	80	1
100	87	1
100	111	1
100	117	1
100	119	1
100	140	1
100	141	1
100	143	1
100	144	1
100	149	1
101	75	1
101	77	1
101	79	1
101	84	1
101	117	1
101	119	1
101	125	1
101	143	1
101	153	1
101	154	1
102	89	1
102	100	1
102	103	1
102	104	1
102	113	1
102	114	1
102	115	1
102	117	1
102	122	1
102	135	1
103	51	1
103	57	1
103	81	1
103	92	1
103	98	1
103	99	1
103	120	1
103	139	1
103	148	1
103	152	1
103	155	1
104	84	1
104	95	1
104	101	1
104	103	1
104	114	1
104	121	1
104	122	1
104	125	1
104	126	1
104	139	1
104	144	1
104	147	1
105	59	1
105	78	1
105	117	1
105	121	1
105	131	1
105	132	1
105	133	1
105	134	1
105	138	1
105	144	1
105	145	1
105	146	1
105	150	1
106	39	1
106	90	1
106	94	1
106	98	1
106	103	1
106	105	1
106	112	1
106	116	1
106	118	1
106	127	1
106	132	1
106	145	1
106	155	1
107	32	1
107	91	1
107	96	1
107	99	1
107	106	1
107	126	1
107	130	1
107	135	1
107	145	1
107	148	1
107	149	1
107	150	1
107	152	1
108	74	1
108	80	1
108	97	1
108	105	1
108	106	1
108	115	1
108	120	1
108	121	1
108	124	1
108	126	1
108	128	1
108	133	1
108	153	1
109	58	1
109	59	1
109	62	1
109	105	1
109	113	1
109	114	1
109	127	1
109	131	1
109	133	1
109	136	1
109	143	1
109	145	1
109	147	1
109	150	1
110	14	1
110	37	1
110	81	1
110	95	1
110	101	1
110	114	1
110	119	1
110	124	1
110	130	1
110	134	1
110	136	1
110	143	1
110	144	1
110	147	1
110	154	1
111	16	1
111	70	1
111	77	1
111	97	1
111	117	1
111	126	1
111	129	1
111	131	1
111	132	1
111	134	1
111	136	1
111	137	1
111	147	1
111	149	1
111	152	1
112	101	1
112	109	1
112	110	1
112	114	1
112	123	1
112	126	1
112	127	1
112	132	1
112	134	1
112	135	1
112	138	1
112	146	1
112	148	1
112	149	1
112	154	1
113	50	1
113	72	1
113	77	1
113	91	1
113	93	1
113	94	1
113	98	1
113	126	1
113	127	1
113	130	1
113	136	1
113	137	1
113	138	1
113	149	1
113	153	1
113	154	1
114	31	1
114	79	1
114	89	1
114	95	1
114	100	1
114	105	1
114	106	1
114	116	1
114	117	1
114	119	1
114	123	1
114	138	1
114	140	1
114	145	1
114	147	1
114	151	1
114	153	1
115	2	1
115	90	1
115	100	1
115	103	1
115	106	1
115	119	1
115	126	1
115	127	1
115	130	1
115	135	1
115	137	1
115	139	1
115	141	1
115	142	1
115	144	1
115	148	1
115	153	1
115	154	1
116	71	1
116	86	1
116	87	1
116	95	1
116	106	1
116	107	1
116	110	1
116	114	1
116	123	1
116	132	1
116	133	1
116	139	1
116	143	1
116	147	1
116	148	1
116	149	1
116	150	1
116	154	1
117	27	1
117	42	1
117	44	1
117	53	1
117	91	1
117	98	1
117	100	1
117	102	1
117	108	1
117	109	1
117	114	1
117	115	1
117	121	1
117	124	1
117	132	1
117	138	1
117	143	1
117	147	1
117	149	1
118	6	1
118	39	1
118	62	1
118	74	1
118	96	1
118	101	1
118	105	1
118	106	1
118	107	1
118	111	1
118	120	1
118	121	1
118	122	1
118	130	1
118	137	1
118	142	1
118	143	1
118	147	1
118	151	1
119	12	1
119	39	1
119	74	1
119	82	1
119	92	1
119	99	1
119	111	1
119	120	1
119	122	1
119	128	1
119	129	1
119	130	1
119	134	1
119	136	1
119	140	1
119	143	1
119	145	1
119	147	1
119	151	1
119	153	1
120	45	1
120	93	1
120	95	1
120	98	1
120	104	1
120	108	1
120	110	1
120	111	1
120	114	1
120	115	1
120	118	1
120	123	1
120	128	1
120	140	1
120	141	1
120	142	1
120	145	1
120	151	1
120	153	1
120	154	1
121	30	1
121	85	1
121	93	1
121	94	1
121	99	1
121	104	1
121	108	1
121	114	1
121	115	1
121	122	1
121	133	1
121	136	1
121	139	1
121	141	1
121	143	1
121	148	1
121	149	1
121	151	1
121	152	1
121	154	1
122	4	1
122	6	1
122	18	1
122	47	1
122	85	1
122	88	1
122	89	1
122	101	1
122	108	1
122	110	1
122	111	1
122	112	1
122	121	1
122	132	1
122	137	1
122	140	1
122	148	1
122	151	1
122	152	1
122	155	1
123	25	1
123	73	1
123	88	1
123	97	1
123	99	1
123	103	1
123	110	1
123	117	1
123	118	1
123	119	1
123	125	1
123	131	1
123	133	1
123	136	1
123	137	1
123	138	1
123	139	1
123	140	1
123	151	1
123	153	1
123	154	1
124	8	1
124	17	1
124	65	1
124	77	1
124	84	1
124	102	1
124	104	1
124	111	1
124	113	1
124	115	1
124	117	1
124	121	1
124	126	1
124	135	1
124	137	1
124	139	1
124	146	1
124	148	1
124	149	1
124	153	1
124	155	1
125	74	1
125	75	1
125	80	1
125	86	1
125	93	1
125	94	1
125	101	1
125	103	1
125	114	1
125	118	1
125	120	1
125	123	1
125	124	1
125	127	1
125	131	1
125	133	1
125	137	1
125	139	1
125	141	1
125	146	1
125	152	1
126	26	1
126	60	1
126	72	1
126	78	1
126	83	1
126	92	1
126	98	1
126	105	1
126	106	1
126	109	1
126	121	1
126	126	1
126	127	1
126	128	1
126	129	1
126	132	1
126	142	1
126	146	1
126	148	1
126	152	1
126	153	1
127	34	1
127	84	1
127	97	1
127	100	1
127	104	1
127	106	1
127	111	1
127	114	1
127	119	1
127	120	1
127	122	1
127	125	1
127	127	1
127	129	1
127	136	1
127	141	1
127	142	1
127	144	1
127	146	1
127	148	1
127	149	1
127	150	1
128	31	1
128	44	1
128	54	1
128	71	1
128	96	1
128	106	1
128	108	1
128	116	1
128	117	1
128	118	1
128	125	1
128	133	1
128	135	1
128	137	1
128	139	1
128	140	1
128	141	1
128	149	1
128	151	1
128	152	1
128	153	1
128	155	1
129	38	1
129	57	1
129	71	1
129	74	1
129	75	1
129	79	1
129	106	1
129	112	1
129	113	1
129	118	1
129	119	1
129	121	1
129	123	1
129	129	1
129	132	1
129	134	1
129	135	1
129	140	1
129	147	1
129	150	1
129	151	1
129	152	1
129	155	1
130	83	1
130	93	1
130	99	1
130	103	1
130	104	1
130	105	1
130	106	1
130	110	1
130	111	1
130	115	1
130	118	1
130	120	1
130	121	1
130	123	1
130	124	1
130	125	1
130	133	1
130	143	1
130	145	1
130	146	1
130	147	1
130	150	1
130	152	1
131	40	1
131	49	1
131	56	1
131	77	1
131	93	1
131	104	1
131	108	1
131	109	1
131	112	1
131	124	1
131	128	1
131	130	1
131	131	1
131	134	1
131	136	1
131	137	1
131	140	1
131	142	1
131	145	1
131	148	1
131	150	1
131	153	1
131	154	1
132	21	1
132	43	1
132	52	1
132	78	1
132	80	1
132	85	1
132	87	1
132	90	1
132	94	1
132	95	1
132	97	1
132	99	1
132	100	1
132	102	1
132	114	1
132	116	1
132	118	1
132	124	1
132	132	1
132	135	1
132	136	1
132	145	1
132	148	1
132	154	1
133	4	1
133	35	1
133	47	1
133	64	1
133	83	1
133	91	1
133	92	1
133	94	1
133	96	1
133	102	1
133	104	1
133	106	1
133	109	1
133	112	1
133	114	1
133	115	1
133	119	1
133	124	1
133	129	1
133	130	1
133	134	1
133	139	1
133	142	1
133	144	1
133	149	1
134	40	1
134	45	1
134	64	1
134	84	1
134	91	1
134	98	1
134	101	1
134	107	1
134	109	1
134	110	1
134	111	1
134	113	1
134	114	1
134	118	1
134	119	1
134	120	1
134	127	1
134	129	1
134	134	1
134	135	1
134	138	1
134	143	1
134	145	1
134	151	1
134	154	1
135	0	1
135	48	1
135	59	1
135	93	1
135	95	1
135	108	1
135	110	1
135	114	1
135	118	1
135	120	1
135	125	1
135	128	1
135	134	1
135	136	1
135	138	1
135	139	1
135	140	1
135	143	1
135	144	1
135	147	1
135	148	1
135	149	1
135	150	1
135	154	1
135	155	1
136	53	1
136	80	1
136	85	1
136	91	1
136	93	1
136	95	1
136	102	1
136	103	1
136	105	1
136	106	1
136	109	1
136	121	1
136	122	1
136	126	1
136	128	1
136	131	1
136	132	1
136	133	1
136	140	1
136	141	1
136	143	1
136	145	1
136	146	1
136	148	1
136	153	1
136	154	1
137	70	1
137	78	1
137	82	1
137	88	1
137	90	1
137	100	1
137	106	1
137	108	1
137	109	1
137	111	1
137	112	1
137	113	1
137	117	1
137	118	1
137	119	1
137	120	1
137	125	1
137	126	1
137	137	1
137	138	1
137	139	1
137	143	1
137	145	1
137	149	1
137	152	1
137	153	1
138	54	1
138	61	1
138	65	1
138	73	1
138	76	1
138	77	1
138	86	1
138	97	1
138	99	1
138	104	1
138	106	1
138	109	1
138	113	1
138	115	1
138	125	1
138	130	1
138	133	1
138	134	1
138	136	1
138	138	1
138	142	1
138	143	1
138	146	1
138	147	1
138	150	1
138	154	1
138	155	1
139	38	1
139	79	1
139	85	1
139	88	1
139	100	1
139	102	1
139	107	1
139	108	1
139	116	1
139	117	1
139	119	1
139	120	1
139	122	1
139	123	1
139	128	1
139	130	1
139	135	1
139	139	1
139	140	1
139	141	1
139	142	1
139	143	1
139	148	1
139	149	1
139	150	1
139	151	1
139	155	1
140	36	1
140	43	1
140	50	1
140	73	1
140	78	1
140	93	1
140	94	1
140	101	1
140	107	1
140	110	1
140	111	1
140	117	1
140	123	1
140	124	1
140	126	1
140	131	1
140	132	1
140	135	1
140	136	1
140	137	1
140	138	1
140	141	1
140	142	1
140	143	1
140	149	1
140	151	1
140	152	1
141	49	1
141	61	1
141	86	1
141	87	1
141	89	1
141	94	1
141	95	1
141	99	1
141	103	1
141	105	1
141	107	1
141	108	1
141	111	1
141	118	1
141	119	1
141	122	1
141	124	1
141	129	1
141	131	1
141	133	1
141	134	1
141	137	1
141	140	1
141	142	1
141	144	1
141	148	1
141	151	1
141	154	1
142	43	1
142	75	1
142	79	1
142	80	1
142	81	1
142	82	1
142	86	1
142	88	1
142	89	1
142	102	1
142	104	1
142	109	1
142	115	1
142	117	1
142	120	1
142	126	1
142	128	1
142	129	1
142	134	1
142	138	1
142	139	1
142	141	1
142	142	1
142	145	1
142	148	1
142	149	1
142	153	1
142	154	1
142	155	1
143	17	1
143	53	1
143	68	1
143	81	1
143	83	1
143	90	1
143	99	1
143	100	1
143	102	1
143	104	1
143	109	1
143	113	1
143	116	1
143	119	1
143	120	1
143	125	1
143	126	1
143	129	1
143	133	1
143	135	1
143	140	1
143	141	1
143	142	1
143	143	1
143	144	1
143	148	1
143	149	1
143	150	1
143	152	1
144	36	1
144	37	1
144	66	1
144	67	1
144	83	1
144	85	1
144	89	1
144	90	1
144	94	1
144	95	1
144	99	1
144	101	1
144	102	1
144	106	1
144	107	1
144	108	1
144	109	1
144	112	1
144	113	1
144	114	1
144	117	1
144	119	1
144	120	1
144	126	1
144	130	1
144	134	1
144	149	1
144	150	1
144	154	1
144	155	1
145	23	1
145	41	1
145	70	1
145	72	1
145	76	1
145	78	1
145	92	1
145	93	1
145	95	1
145	96	1
145	101	1
145	107	1
145	108	1
145	110	1
145	113	1
145	114	1
145	116	1
145	124	1
145	130	1
145	136	1
145	137	1
145	138	1
145	139	1
145	141	1
145	145	1
145	147	1
145	149	1
145	151	1
145	152	1
145	154	1
146	62	1
146	67	1
146	76	1
146	80	1
146	98	1
146	103	1
146	105	1
146	107	1
146	108	1
146	109	1
146	110	1
146	116	1
146	119	1
146	121	1
146	123	1
146	125	1
146	127	1
146	128	1
146	134	1
146	135	1
146	137	1
146	138	1
146	140	1
146	141	1
146	142	1
146	143	1
146	144	1
146	145	1
146	146	1
146	148	1
146	149	1
147	20	1
147	21	1
147	64	1
147	66	1
147	89	1
147	90	1
147	97	1
147	100	1
147	102	1
147	108	1
147	109	1
147	111	1
147	112	1
147	113	1
147	114	1
147	119	1
147	120	1
147	121	1
147	126	1
147	129	1
147	133	1
147	134	1
147	140	1
147	142	1
147	146	1
147	147	1
147	148	1
147	152	1
147	153	1
147	154	1
147	155	1
148	25	1
148	58	1
148	67	1
148	74	1
148	77	1
148	89	1
148	94	1
148	95	1
148	103	1
148	110	1
148	111	1
148	113	1
148	115	1
148	116	1
148	118	1
148	121	1
148	123	1
148	126	1
148	127	1
148	128	1
148	130	1
148	134	1
148	135	1
148	137	1
148	139	1
148	141	1
148	142	1
148	143	1
148	151	1
148	152	1
148	154	1
148	155	1
149	10	1
149	22	1
149	32	1
149	60	1
149	67	1
149	80	1
149	82	1
149	83	1
149	86	1
149	94	1
149	95	1
149	98	1
149	104	1
149	106	1
149	110	1
149	114	1
149	115	1
149	119	1
149	121	1
149	123	1
149	124	1
149	126	1
149	127	1
149	128	1
149	135	1
149	136	1
149	143	1
149	145	1
149	147	1
149	152	1
149	154	1
149	155	1
150	12	1
150	36	1
150	51	1
150	60	1
150	65	1
150	68	1
150	77	1
150	78	1
150	87	1
150	89	1
150	90	1
150	91	1
150	97	1
150	98	1
150	99	1
150	100	1
150	111	1
150	117	1
150	118	1
150	119	1
150	122	1
150	123	1
150	129	1
150	130	1
150	135	1
150	138	1
150	143	1
150	144	1
150	147	1
150	150	1
150	151	1
150	153	1
151	65	1
151	66	1
151	70	1
151	71	1
151	82	1
151	83	1
151	89	1
151	91	1
151	92	1
151	94	1
151	100	1
151	102	1
151	106	1
151	108	1
151	111	1
151	118	1
151	119	1
151	120	1
151	122	1
151	123	1
151	130	1
151	136	1
151	137	1
151	141	1
151	142	1
151	146	1
151	147	1
151	148	1
151	150	1
151	151	1
151	152	1
151	154	1
151	155	1
152	29	1
152	68	1
152	78	1
152	84	1
152	88	1
152	89	1
152	92	1
152	99	1
152	102	1
152	104	1
152	105	1
152	109	1
152	111	1
152	112	1
152	115	1
152	116	1
152	119	1
152	120	1
152	125	1
152	126	1
152	127	1
152	130	1
152	136	1
152	137	1
152	140	1
152	142	1
152	143	1
152	144	1
152	147	1
152	150	1
152	151	1
152	152	1
152	153	1
152	155	1
153	23	1
153	25	1
153	57	1
153	58	1
153	84	1
153	93	1
153	95	1
153	96	1
153	99	1
153	103	1
153	104	1
153	106	1
153	107	1
153	109	1
153	110	1
153	115	1
153	117	1
153	120	1
153	121	1
153	122	1
153	126	1
153	128	1
153	129	1
153	130	1
153	132	1
153	137	1
153	138	1
153	139	1
153	142	1
153	143	1
153	144	1
153	147	1
153	148	1
153	154	1
153	155	1
154	56	1
154	66	1
154	72	1
154	82	1
154	83	1
154	86	1
154	88	1
154	90	1
154	91	1
154	92	1
154	93	1
154	102	1
154	107	1
154	109	1
154	112	1
154	116	1
154	118	1
154	120	1
154	121	1
154	124	1
154	125	1
154	127	1
154	130	1
154	132	1
154	134	1
154	135	1
154	137	1
154	139	1
154	140	1
154	141	1
154	142	1
154	143	1
154	144	1
154	146	1
154	149	1
154	155	1
155	17	1
155	33	1
155	42	1
155	46	1
155	56	1
155	63	1
155	64	1
155	67	1
155	80	1
155	85	1
155	88	1
155	90	1
155	91	1
155	105	1
155	109	1
155	111	1
155	112	1
155	114	1
155	116	1
155	117	1
155	119	1
155	120	1
155	124	1
155	126	1
155	130	1
155	131	1
155	133	1
155	134	1
155	135	1
155	136	1
155	137	1
155	138	1
155	140	1
155	142	1
155	143	1
155	145	1
155	150	1
156	47	1
156	71	1
156	72	1
156	76	1
156	88	1
156	90	1
156	97	1
156	98	1
156	103	1
156	104	1
156	113	1
156	114	1
156	119	1
156	122	1
156	123	1
156	124	1
156	128	1
156	129	1
156	130	1
156	131	1
156	132	1
156	135	1
156	136	1
156	137	1
156	139	1
156	140	1
156	141	1
156	142	1
156	143	1
156	144	1
156	146	1
156	147	1
156	149	1
156	150	1
156	151	1
156	152	1
156	155	1
157	49	1
157	53	1
157	63	1
157	69	1
157	75	1
157	84	1
157	91	1
157	97	1
157	100	1
157	106	1
157	108	1
157	109	1
157	110	1
157	114	1
157	115	1
157	117	1
157	118	1
157	122	1
157	125	1
157	126	1
157	127	1
157	129	1
157	130	1
157	132	1
157	133	1
157	135	1
157	138	1
157	141	1
157	143	1
157	144	1
157	145	1
157	146	1
157	148	1
157	149	1
157	150	1
157	151	1
157	152	1
157	155	1
158	62	1
158	77	1
158	78	1
158	81	1
158	93	1
158	95	1
158	98	1
158	99	1
158	100	1
158	101	1
158	104	1
158	107	1
158	115	1
158	116	1
158	117	1
158	119	1
158	120	1
158	122	1
158	123	1
158	124	1
158	126	1
158	128	1
158	130	1
158	131	1
158	132	1
158	133	1
158	135	1
158	136	1
158	138	1
158	139	1
158	140	1
158	141	1
158	143	1
158	147	1
158	148	1
158	149	1
158	150	1
158	151	1
158	155	1
159	61	1
159	62	1
159	74	1
159	80	1
159	82	1
159	94	1
159	96	1
159	97	1
159	98	1
159	99	1
159	101	1
159	102	1
159	114	1
159	117	1
159	119	1
159	121	1
159	124	1
159	125	1
159	126	1
159	127	1
159	128	1
159	130	1
159	131	1
159	136	1
159	137	1
159	141	1
159	142	1
159	143	1
159	144	1
159	145	1
159	147	1
159	148	1
159	149	1
159	150	1
159	151	1
159	152	1
159	153	1
159	154	1
159	155	1
160	24	1
160	59	1
160	60	1
160	72	1
160	73	1
160	82	1
160	83	1
160	89	1
160	96	1
160	97	1
160	99	1
160	100	1
160	103	1
160	106	1
160	107	1
160	110	1
160	116	1
160	122	1
160	123	1
160	124	1
160	125	1
160	126	1
160	127	1
160	128	1
160	129	1
160	130	1
160	132	1
160	133	1
160	134	1
160	135	1
160	140	1
160	144	1
160	145	1
160	146	1
160	147	1
160	148	1
160	149	1
160	150	1
160	151	1
160	153	1
161	3	1
161	65	1
161	82	1
161	84	1
161	85	1
161	87	1
161	90	1
161	91	1
161	93	1
161	94	1
161	98	1
161	101	1
161	102	1
161	106	1
161	112	1
161	116	1
161	118	1
161	122	1
161	124	1
161	126	1
161	128	1
161	129	1
161	130	1
161	131	1
161	132	1
161	135	1
161	138	1
161	139	1
161	140	1
161	141	1
161	142	1
161	143	1
161	144	1
161	145	1
161	147	1
161	148	1
161	150	1
161	151	1
161	152	1
161	153	1
162	41	1
162	45	1
162	62	1
162	81	1
162	85	1
162	91	1
162	95	1
162	97	1
162	103	1
162	105	1
162	107	1
162	111	1
162	112	1
162	113	1
162	114	1
162	115	1
162	120	1
162	121	1
162	123	1
162	125	1
162	126	1
162	127	1
162	131	1
162	132	1
162	133	1
162	135	1
162	139	1
162	141	1
162	142	1
162	143	1
162	145	1
162	146	1
162	147	1
162	148	1
162	149	1
162	150	1
162	151	1
162	152	1
162	153	1
162	154	1
163	17	1
163	64	1
163	66	1
163	85	1
163	92	1
163	94	1
163	96	1
163	99	1
163	100	1
163	102	1
163	103	1
163	107	1
163	108	1
163	109	1
163	111	1
163	113	1
163	117	1
163	118	1
163	119	1
163	123	1
163	124	1
163	125	1
163	129	1
163	130	1
163	132	1
163	133	1
163	135	1
163	136	1
163	137	1
163	139	1
163	140	1
163	141	1
163	142	1
163	143	1
163	144	1
163	145	1
163	146	1
163	149	1
163	152	1
164	22	1
164	60	1
164	69	1
164	76	1
164	79	1
164	80	1
164	86	1
164	94	1
164	96	1
164	101	1
164	102	1
164	103	1
164	107	1
164	109	1
164	112	1
164	117	1
164	119	1
164	125	1
164	126	1
164	127	1
164	131	1
164	133	1
164	135	1
164	136	1
164	137	1
164	138	1
164	139	1
164	140	1
164	142	1
164	144	1
164	145	1
164	146	1
164	147	1
164	148	1
164	150	1
164	151	1
164	152	1
164	153	1
164	154	1
164	155	1
165	12	1
165	21	1
165	29	1
165	34	1
165	40	1
165	52	1
165	74	1
165	77	1
165	102	1
165	106	1
165	108	1
165	112	1
165	113	1
165	115	1
165	116	1
165	118	1
165	121	1
165	122	1
165	126	1
165	127	1
165	128	1
165	129	1
165	131	1
165	134	1
165	137	1
165	138	1
165	139	1
165	140	1
165	142	1
165	143	1
165	144	1
165	145	1
165	146	1
165	147	1
165	149	1
165	151	1
165	152	1
165	153	1
165	154	1
165	155	1
166	11	1
166	36	1
166	44	1
166	60	1
166	71	1
166	80	1
166	93	1
166	94	1
166	95	1
166	98	1
166	102	1
166	105	1
166	108	1
166	110	1
166	112	1
166	113	1
166	115	1
166	116	1
166	117	1
166	119	1
166	121	1
166	124	1
166	125	1
166	127	1
166	128	1
166	131	1
166	132	1
166	134	1
166	137	1
166	138	1
166	139	1
166	140	1
166	141	1
166	142	1
166	148	1
166	150	1
166	151	1
166	152	1
166	153	1
167	2	1
167	37	1
167	48	1
167	83	1
167	92	1
167	101	1
167	108	1
167	111	1
167	112	1
167	114	1
167	116	1
167	117	1
167	118	1
167	119	1
167	120	1
167	121	1
167	122	1
167	124	1
167	126	1
167	128	1
167	129	1
167	132	1
167	133	1
167	134	1
167	137	1
167	138	1
167	139	1
167	142	1
167	143	1
167	144	1
167	145	1
167	146	1
167	147	1
167	149	1
167	150	1
167	151	1
167	152	1
167	153	1
167	154	1
167	155	1
168	26	1
168	76	1
168	87	1
168	88	1
168	93	1
168	100	1
168	102	1
168	103	1
168	106	1
168	109	1
168	111	1
168	116	1
168	121	1
168	122	1
168	124	1
168	126	1
168	127	1
168	128	1
168	130	1
168	131	1
168	132	1
168	133	1
168	135	1
168	137	1
168	138	1
168	139	1
168	140	1
168	141	1
168	142	1
168	144	1
168	145	1
168	146	1
168	147	1
168	148	1
168	149	1
168	150	1
168	152	1
168	153	1
168	154	1
168	155	1
169	34	1
169	43	1
169	53	1
169	64	1
169	69	1
169	72	1
169	75	1
169	76	1
169	83	1
169	84	1
169	88	1
169	90	1
169	92	1
169	96	1
169	102	1
169	103	1
169	104	1
169	113	1
169	115	1
169	119	1
169	120	1
169	122	1
169	123	1
169	127	1
169	128	1
169	131	1
169	132	1
169	135	1
169	136	1
169	138	1
169	140	1
169	141	1
169	142	1
169	146	1
169	149	1
169	151	1
169	152	1
169	153	1
169	154	1
169	155	1
170	71	1
170	72	1
170	86	1
170	89	1
170	93	1
170	98	1
170	99	1
170	100	1
170	102	1
170	108	1
170	110	1
170	111	1
170	114	1
170	115	1
170	116	1
170	119	1
170	120	1
170	121	1
170	124	1
170	127	1
170	128	1
170	130	1
170	134	1
170	135	1
170	136	1
170	138	1
170	140	1
170	141	1
170	144	1
170	145	1
170	146	1
170	147	1
170	148	1
170	149	1
170	150	1
170	151	1
170	152	1
170	153	1
170	154	1
170	155	1
171	29	1
171	52	1
171	58	1
171	73	1
171	77	1
171	81	1
171	87	1
171	94	1
171	96	1
171	97	1
171	104	1
171	105	1
171	107	1
171	112	1
171	113	1
171	114	1
171	115	1
171	119	1
171	120	1
171	122	1
171	124	1
171	127	1
171	129	1
171	132	1
171	133	1
171	134	1
171	135	1
171	136	1
171	137	1
171	139	1
171	140	1
171	141	1
171	144	1
171	149	1
171	150	1
171	151	1
171	153	1
171	154	1
171	155	1
172	28	1
172	42	1
172	57	1
172	58	1
172	78	1
172	81	1
172	82	1
172	84	1
172	87	1
172	93	1
172	95	1
172	97	1
172	111	1
172	112	1
172	115	1
172	116	1
172	117	1
172	121	1
172	123	1
172	125	1
172	129	1
172	130	1
172	133	1
172	135	1
172	138	1
172	139	1
172	140	1
172	141	1
172	142	1
172	145	1
172	146	1
172	148	1
172	149	1
172	150	1
172	151	1
172	152	1
172	153	1
172	154	1
172	155	1
173	54	1
173	70	1
173	84	1
173	85	1
173	90	1
173	91	1
173	92	1
173	96	1
173	100	1
173	101	1
173	111	1
173	114	1
173	118	1
173	119	1
173	120	1
173	122	1
173	123	1
173	126	1
173	127	1
173	128	1
173	129	1
173	131	1
173	133	1
173	134	1
173	135	1
173	136	1
173	137	1
173	139	1
173	141	1
173	144	1
173	145	1
173	146	1
173	147	1
173	148	1
173	150	1
173	151	1
173	152	1
173	153	1
173	154	1
173	155	1
174	32	1
174	60	1
174	68	1
174	71	1
174	72	1
174	84	1
174	88	1
174	90	1
174	98	1
174	100	1
174	101	1
174	105	1
174	109	1
174	110	1
174	116	1
174	117	1
174	119	1
174	120	1
174	121	1
174	122	1
174	125	1
174	126	1
174	127	1
174	130	1
174	131	1
174	132	1
174	135	1
174	136	1
174	138	1
174	139	1
174	140	1
174	145	1
174	146	1
174	147	1
174	148	1
174	149	1
174	150	1
174	152	1
174	153	1
174	155	1
175	28	1
175	83	1
175	88	1
175	90	1
175	96	1
175	102	1
175	105	1
175	109	1
175	110	1
175	113	1
175	115	1
175	116	1
175	119	1
175	120	1
175	121	1
175	122	1
175	124	1
175	128	1
175	129	1
175	131	1
175	132	1
175	134	1
175	135	1
175	136	1
175	137	1
175	138	1
175	139	1
175	140	1
175	141	1
175	142	1
175	144	1
175	145	1
175	146	1
175	148	1
175	150	1
175	151	1
175	152	1
175	153	1
175	155	1
176	56	1
176	58	1
176	86	1
176	88	1
176	89	1
176	95	1
176	96	1
176	100	1
176	101	1
176	102	1
176	103	1
176	105	1
176	108	1
176	112	1
176	115	1
176	117	1
176	118	1
176	120	1
176	122	1
176	123	1
176	124	1
176	125	1
176	128	1
176	130	1
176	131	1
176	137	1
176	138	1
176	140	1
176	141	1
176	143	1
176	145	1
176	146	1
176	147	1
176	149	1
176	150	1
176	152	1
176	153	1
176	154	1
176	155	1
177	18	1
177	22	1
177	23	1
177	49	1
177	58	1
177	76	1
177	87	1
177	94	1
177	97	1
177	103	1
177	107	1
177	108	1
177	112	1
177	117	1
177	123	1
177	126	1
177	127	1
177	128	1
177	130	1
177	131	1
177	133	1
177	134	1
177	135	1
177	136	1
177	137	1
177	138	1
177	139	1
177	142	1
177	143	1
177	144	1
177	145	1
177	146	1
177	147	1
177	149	1
177	150	1
177	151	1
177	152	1
177	153	1
177	154	1
177	155	1
178	7	1
178	26	1
178	28	1
178	61	1
178	77	1
178	88	1
178	91	1
178	92	1
178	93	1
178	96	1
178	104	1
178	105	1
178	110	1
178	111	1
178	113	1
178	116	1
178	120	1
178	121	1
178	123	1
178	127	1
178	129	1
178	130	1
178	131	1
178	133	1
178	134	1
178	135	1
178	136	1
178	137	1
178	138	1
178	141	1
178	142	1
178	144	1
178	145	1
178	146	1
178	148	1
178	149	1
178	150	1
178	151	1
178	153	1
179	0	1
179	14	1
179	73	1
179	77	1
179	82	1
179	83	1
179	87	1
179	88	1
179	95	1
179	97	1
179	98	1
179	99	1
179	102	1
179	106	1
179	113	1
179	114	1
179	115	1
179	117	1
179	121	1
179	124	1
179	126	1
179	127	1
179	129	1
179	130	1
179	131	1
179	132	1
179	134	1
179	136	1
179	138	1
179	139	1
179	141	1
179	144	1
179	145	1
179	147	1
179	148	1
179	149	1
179	153	1
179	154	1
179	155	1
180	37	1
180	50	1
180	59	1
180	68	1
180	86	1
180	94	1
180	97	1
180	98	1
180	100	1
180	103	1
180	108	1
180	109	1
180	115	1
180	116	1
180	118	1
180	119	1
180	120	1
180	121	1
180	123	1
180	125	1
180	127	1
180	129	1
180	131	1
180	132	1
180	135	1
180	136	1
180	138	1
180	141	1
180	142	1
180	144	1
180	145	1
180	147	1
180	148	1
180	149	1
180	150	1
180	151	1
180	152	1
180	153	1
180	155	1
181	55	1
181	57	1
181	67	1
181	80	1
181	81	1
181	88	1
181	94	1
181	95	1
181	104	1
181	106	1
181	112	1
181	113	1
181	115	1
181	116	1
181	117	1
181	122	1
181	124	1
181	129	1
181	131	1
181	132	1
181	133	1
181	134	1
181	135	1
181	137	1
181	138	1
181	139	1
181	140	1
181	142	1
181	143	1
181	144	1
181	145	1
181	146	1
181	147	1
181	149	1
181	151	1
181	152	1
181	153	1
181	154	1
181	155	1
182	73	1
182	75	1
182	85	1
182	87	1
182	88	1
182	89	1
182	94	1
182	104	1
182	105	1
182	106	1
182	108	1
182	110	1
182	116	1
182	117	1
182	118	1
182	119	1
182	122	1
182	123	1
182	125	1
182	126	1
182	128	1
182	129	1
182	130	1
182	131	1
182	133	1
182	134	1
182	136	1
182	137	1
182	138	1
182	139	1
182	140	1
182	141	1
182	143	1
182	144	1
182	145	1
182	147	1
182	148	1
182	150	1
182	153	1
182	154	1
183	1	1
183	10	1
183	14	1
183	20	1
183	54	1
183	57	1
183	79	1
183	83	1
183	86	1
183	91	1
183	101	1
183	102	1
183	106	1
183	110	1
183	112	1
183	113	1
183	114	1
183	115	1
183	116	1
183	121	1
183	123	1
183	125	1
183	126	1
183	128	1
183	130	1
183	131	1
183	134	1
183	135	1
183	139	1
183	143	1
183	144	1
183	145	1
183	146	1
183	148	1
183	149	1
183	150	1
183	152	1
183	153	1
183	155	1
184	9	1
184	42	1
184	50	1
184	60	1
184	74	1
184	82	1
184	90	1
184	96	1
184	98	1
184	99	1
184	100	1
184	109	1
184	112	1
184	113	1
184	114	1
184	115	1
184	116	1
184	118	1
184	119	1
184	121	1
184	125	1
184	126	1
184	127	1
184	128	1
184	129	1
184	130	1
184	131	1
184	133	1
184	134	1
184	138	1
184	139	1
184	140	1
184	141	1
184	142	1
184	146	1
184	149	1
184	150	1
184	151	1
184	154	1
185	16	1
185	18	1
185	62	1
185	84	1
185	88	1
185	89	1
185	99	1
185	100	1
185	101	1
185	107	1
185	112	1
185	113	1
185	114	1
185	115	1
185	119	1
185	121	1
185	122	1
185	123	1
185	125	1
185	128	1
185	129	1
185	130	1
185	133	1
185	134	1
185	135	1
185	139	1
185	142	1
185	143	1
185	144	1
185	145	1
185	146	1
185	147	1
185	149	1
185	150	1
185	151	1
185	152	1
185	153	1
185	154	1
185	155	1
186	5	1
186	8	1
186	31	1
186	61	1
186	71	1
186	73	1
186	76	1
186	81	1
186	89	1
186	92	1
186	97	1
186	100	1
186	102	1
186	107	1
186	108	1
186	112	1
186	114	1
186	116	1
186	120	1
186	121	1
186	125	1
186	128	1
186	129	1
186	130	1
186	132	1
186	135	1
186	138	1
186	139	1
186	140	1
186	143	1
186	145	1
186	146	1
186	147	1
186	148	1
186	149	1
186	150	1
186	152	1
186	153	1
186	154	1
186	155	1
187	38	1
187	70	1
187	75	1
187	81	1
187	82	1
187	85	1
187	89	1
187	96	1
187	98	1
187	107	1
187	108	1
187	109	1
187	111	1
187	113	1
187	115	1
187	121	1
187	123	1
187	124	1
187	125	1
187	127	1
187	128	1
187	130	1
187	132	1
187	133	1
187	134	1
187	136	1
187	137	1
187	138	1
187	139	1
187	141	1
187	143	1
187	144	1
187	146	1
187	148	1
187	149	1
187	150	1
187	151	1
187	153	1
187	154	1
187	155	1
188	15	1
188	28	1
188	48	1
188	77	1
188	85	1
188	90	1
188	91	1
188	93	1
188	101	1
188	102	1
188	110	1
188	111	1
188	114	1
188	117	1
188	119	1
188	120	1
188	124	1
188	125	1
188	126	1
188	127	1
188	128	1
188	130	1
188	131	1
188	133	1
188	134	1
188	135	1
188	136	1
188	137	1
188	142	1
188	143	1
188	144	1
188	145	1
188	146	1
188	147	1
188	149	1
188	150	1
188	151	1
188	152	1
188	154	1
188	155	1
189	30	1
189	38	1
189	59	1
189	65	1
189	70	1
189	77	1
189	78	1
189	91	1
189	92	1
189	93	1
189	97	1
189	104	1
189	105	1
189	114	1
189	117	1
189	121	1
189	123	1
189	125	1
189	127	1
189	128	1
189	129	1
189	130	1
189	131	1
189	132	1
189	134	1
189	136	1
189	138	1
189	139	1
189	140	1
189	143	1
189	144	1
189	145	1
189	146	1
189	147	1
189	150	1
189	151	1
189	152	1
189	153	1
189	154	1
190	14	1
190	40	1
190	53	1
190	71	1
190	81	1
190	83	1
190	89	1
190	90	1
190	93	1
190	94	1
190	96	1
190	103	1
190	104	1
190	112	1
190	115	1
190	117	1
190	120	1
190	124	1
190	125	1
190	127	1
190	128	1
190	134	1
190	135	1
190	138	1
190	139	1
190	140	1
190	141	1
190	143	1
190	145	1
190	146	1
190	147	1
190	148	1
190	149	1
190	150	1
190	151	1
190	152	1
190	153	1
190	154	1
190	155	1
191	71	1
191	85	1
191	89	1
191	92	1
191	97	1
191	98	1
191	100	1
191	103	1
191	104	1
191	106	1
191	107	1
191	109	1
191	112	1
191	113	1
191	114	1
191	115	1
191	116	1
191	117	1
191	118	1
191	125	1
191	129	1
191	133	1
191	135	1
191	137	1
191	138	1
191	140	1
191	141	1
191	143	1
191	144	1
191	145	1
191	146	1
191	147	1
191	148	1
191	149	1
191	150	1
191	151	1
191	152	1
191	153	1
191	154	1
191	155	1
192	40	1
192	53	1
192	66	1
192	74	1
192	75	1
192	79	1
192	86	1
192	87	1
192	89	1
192	92	1
192	97	1
192	98	1
192	108	1
192	109	1
192	110	1
192	111	1
192	112	1
192	113	1
192	115	1
192	117	1
192	118	1
192	119	1
192	121	1
192	123	1
192	126	1
192	130	1
192	131	1
192	133	1
192	137	1
192	139	1
192	140	1
192	141	1
192	143	1
192	144	1
192	145	1
192	146	1
192	150	1
192	151	1
192	153	1
192	154	1
193	31	1
193	41	1
193	52	1
193	63	1
193	69	1
193	82	1
193	84	1
193	87	1
193	88	1
193	89	1
193	96	1
193	98	1
193	101	1
193	106	1
193	107	1
193	109	1
193	112	1
193	113	1
193	118	1
193	120	1
193	123	1
193	124	1
193	125	1
193	126	1
193	129	1
193	131	1
193	133	1
193	136	1
193	137	1
193	140	1
193	142	1
193	147	1
193	148	1
193	149	1
193	150	1
193	151	1
193	153	1
193	154	1
193	155	1
194	54	1
194	55	1
194	82	1
194	85	1
194	95	1
194	96	1
194	97	1
194	100	1
194	101	1
194	102	1
194	105	1
194	108	1
194	109	1
194	110	1
194	114	1
194	115	1
194	116	1
194	117	1
194	119	1
194	122	1
194	123	1
194	126	1
194	132	1
194	134	1
194	136	1
194	137	1
194	138	1
194	140	1
194	141	1
194	143	1
194	144	1
194	146	1
194	147	1
194	149	1
194	151	1
194	152	1
194	153	1
194	154	1
194	155	1
195	51	1
195	64	1
195	79	1
195	80	1
195	81	1
195	85	1
195	88	1
195	97	1
195	98	1
195	103	1
195	106	1
195	108	1
195	111	1
195	112	1
195	115	1
195	118	1
195	119	1
195	123	1
195	124	1
195	125	1
195	126	1
195	128	1
195	133	1
195	135	1
195	136	1
195	139	1
195	141	1
195	142	1
195	143	1
195	144	1
195	145	1
195	146	1
195	147	1
195	148	1
195	149	1
195	151	1
195	152	1
195	153	1
195	155	1
196	19	1
196	52	1
196	54	1
196	80	1
196	92	1
196	95	1
196	99	1
196	100	1
196	102	1
196	103	1
196	104	1
196	106	1
196	109	1
196	110	1
196	111	1
196	112	1
196	114	1
196	116	1
196	120	1
196	122	1
196	126	1
196	127	1
196	129	1
196	130	1
196	134	1
196	136	1
196	139	1
196	141	1
196	142	1
196	143	1
196	144	1
196	145	1
196	146	1
196	147	1
196	149	1
196	150	1
196	151	1
196	152	1
196	154	1
196	155	1
197	27	1
197	70	1
197	71	1
197	80	1
197	83	1
197	87	1
197	88	1
197	99	1
197	102	1
197	104	1
197	106	1
197	111	1
197	112	1
197	122	1
197	123	1
197	124	1
197	125	1
197	126	1
197	127	1
197	128	1
197	129	1
197	134	1
197	135	1
197	136	1
197	137	1
197	138	1
197	139	1
197	140	1
197	142	1
197	144	1
197	146	1
197	147	1
197	148	1
197	150	1
197	151	1
197	152	1
197	153	1
197	154	1
197	155	1
198	46	1
198	67	1
198	68	1
198	80	1
198	81	1
198	83	1
198	84	1
198	94	1
198	102	1
198	104	1
198	105	1
198	107	1
198	108	1
198	109	1
198	110	1
198	116	1
198	117	1
198	119	1
198	120	1
198	121	1
198	122	1
198	125	1
198	127	1
198	131	1
198	134	1
198	135	1
198	136	1
198	137	1
198	139	1
198	142	1
198	144	1
198	146	1
198	147	1
198	148	1
198	149	1
198	150	1
198	151	1
198	152	1
198	153	1
198	154	1
199	15	1
199	61	1
199	76	1
199	79	1
199	82	1
199	86	1
199	88	1
199	91	1
199	99	1
199	102	1
199	105	1
199	108	1
199	109	1
199	111	1
199	113	1
199	116	1
199	117	1
199	118	1
199	119	1
199	120	1
199	121	1
199	122	1
199	126	1
199	129	1
199	132	1
199	133	1
199	134	1
199	135	1
199	139	1
199	141	1
199	143	1
199	145	1
199	147	1
199	148	1
199	150	1
199	152	1
199	153	1
199	154	1
199	155	1
200	46	1
200	68	1
200	73	1
200	75	1
200	78	1
200	88	1
200	97	1
200	98	1
200	99	1
200	100	1
200	103	1
200	107	1
200	114	1
200	118	1
200	122	1
200	124	1
200	125	1
200	126	1
200	128	1
200	130	1
200	131	1
200	132	1
200	134	1
200	136	1
200	137	1
200	139	1
200	140	1
200	142	1
200	143	1
200	144	1
200	145	1
200	146	1
200	147	1
200	149	1
200	150	1
200	151	1
200	152	1
200	153	1
200	154	1
200	155	1
201	5	1
201	41	1
201	46	1
201	63	1
201	66	1
201	73	1
201	76	1
201	80	1
201	83	1
201	90	1
201	93	1
201	97	1
201	100	1
201	101	1
201	103	1
201	104	1
201	107	1
201	108	1
201	121	1
201	123	1
201	126	1
201	131	1
201	132	1
201	133	1
201	135	1
201	136	1
201	137	1
201	141	1
201	142	1
201	143	1
201	144	1
201	145	1
201	146	1
201	147	1
201	148	1
201	149	1
201	151	1
201	153	1
201	155	1
202	10	1
202	12	1
202	42	1
202	49	1
202	63	1
202	85	1
202	86	1
202	87	1
202	97	1
202	98	1
202	105	1
202	108	1
202	109	1
202	110	1
202	112	1
202	114	1
202	115	1
202	116	1
202	118	1
202	123	1
202	124	1
202	127	1
202	128	1
202	129	1
202	130	1
202	131	1
202	133	1
202	137	1
202	142	1
202	144	1
202	146	1
202	147	1
202	148	1
202	149	1
202	150	1
202	151	1
202	152	1
202	153	1
202	154	1
202	155	1
203	19	1
203	63	1
203	65	1
203	67	1
203	72	1
203	75	1
203	88	1
203	89	1
203	94	1
203	97	1
203	100	1
203	102	1
203	105	1
203	109	1
203	113	1
203	115	1
203	116	1
203	120	1
203	123	1
203	125	1
203	126	1
203	131	1
203	132	1
203	134	1
203	135	1
203	136	1
203	139	1
203	140	1
203	141	1
203	143	1
203	144	1
203	145	1
203	146	1
203	147	1
203	148	1
203	149	1
203	150	1
203	152	1
203	153	1
203	155	1
204	9	1
204	13	1
204	42	1
204	72	1
204	79	1
204	81	1
204	88	1
204	90	1
204	91	1
204	93	1
204	95	1
204	96	1
204	99	1
204	103	1
204	104	1
204	105	1
204	107	1
204	111	1
204	114	1
204	121	1
204	123	1
204	124	1
204	126	1
204	129	1
204	131	1
204	133	1
204	134	1
204	135	1
204	136	1
204	137	1
204	140	1
204	141	1
204	142	1
204	144	1
204	145	1
204	146	1
204	147	1
204	148	1
204	153	1
204	155	1
205	57	1
205	73	1
205	74	1
205	75	1
205	81	1
205	82	1
205	85	1
205	93	1
205	95	1
205	100	1
205	101	1
205	103	1
205	104	1
205	106	1
205	107	1
205	110	1
205	111	1
205	113	1
205	116	1
205	117	1
205	118	1
205	121	1
205	122	1
205	123	1
205	124	1
205	128	1
205	135	1
205	139	1
205	140	1
205	143	1
205	146	1
205	147	1
205	148	1
205	149	1
205	150	1
205	151	1
205	152	1
205	153	1
205	154	1
205	155	1
206	5	1
206	18	1
206	24	1
206	26	1
206	79	1
206	82	1
206	83	1
206	84	1
206	85	1
206	91	1
206	96	1
206	97	1
206	100	1
206	101	1
206	107	1
206	111	1
206	113	1
206	114	1
206	116	1
206	119	1
206	120	1
206	121	1
206	125	1
206	126	1
206	128	1
206	129	1
206	133	1
206	134	1
206	135	1
206	138	1
206	140	1
206	144	1
206	146	1
206	147	1
206	149	1
206	150	1
206	153	1
206	154	1
206	155	1
207	84	1
207	90	1
207	92	1
207	93	1
207	94	1
207	97	1
207	101	1
207	104	1
207	105	1
207	106	1
207	109	1
207	110	1
207	111	1
207	117	1
207	118	1
207	120	1
207	124	1
207	125	1
207	126	1
207	127	1
207	128	1
207	129	1
207	132	1
207	135	1
207	136	1
207	137	1
207	139	1
207	140	1
207	141	1
207	144	1
207	145	1
207	146	1
207	147	1
207	148	1
207	149	1
207	150	1
207	151	1
207	153	1
207	154	1
208	68	1
208	73	1
208	75	1
208	83	1
208	85	1
208	87	1
208	90	1
208	96	1
208	98	1
208	103	1
208	104	1
208	107	1
208	109	1
208	112	1
208	113	1
208	115	1
208	116	1
208	118	1
208	120	1
208	123	1
208	126	1
208	128	1
208	131	1
208	132	1
208	133	1
208	136	1
208	137	1
208	138	1
208	139	1
208	140	1
208	141	1
208	146	1
208	148	1
208	149	1
208	150	1
208	151	1
208	152	1
208	153	1
208	154	1
208	155	1
209	48	1
209	51	1
209	55	1
209	79	1
209	84	1
209	91	1
209	94	1
209	101	1
209	103	1
209	106	1
209	107	1
209	109	1
209	110	1
209	114	1
209	115	1
209	118	1
209	120	1
209	121	1
209	124	1
209	125	1
209	127	1
209	128	1
209	130	1
209	132	1
209	133	1
209	135	1
209	136	1
209	137	1
209	138	1
209	140	1
209	141	1
209	143	1
209	145	1
209	147	1
209	148	1
209	149	1
209	152	1
209	153	1
209	154	1
209	155	1
210	3	1
210	67	1
210	80	1
210	83	1
210	91	1
210	94	1
210	95	1
210	98	1
210	101	1
210	106	1
210	108	1
210	111	1
210	113	1
210	114	1
210	116	1
210	118	1
210	120	1
210	123	1
210	125	1
210	126	1
210	128	1
210	129	1
210	131	1
210	132	1
210	133	1
210	135	1
210	139	1
210	140	1
210	141	1
210	144	1
210	145	1
210	146	1
210	148	1
210	149	1
210	150	1
210	151	1
210	152	1
210	153	1
210	154	1
210	155	1
211	21	1
211	31	1
211	32	1
211	41	1
211	48	1
211	60	1
211	61	1
211	64	1
211	69	1
211	77	1
211	91	1
211	97	1
211	109	1
211	114	1
211	115	1
211	117	1
211	118	1
211	119	1
211	122	1
211	124	1
211	125	1
211	127	1
211	128	1
211	129	1
211	132	1
211	133	1
211	134	1
211	137	1
211	141	1
211	144	1
211	145	1
211	147	1
211	148	1
211	149	1
211	150	1
211	151	1
211	152	1
211	154	1
211	155	1
212	29	1
212	32	1
212	64	1
212	74	1
212	80	1
212	91	1
212	93	1
212	94	1
212	95	1
212	96	1
212	98	1
212	107	1
212	113	1
212	115	1
212	116	1
212	118	1
212	119	1
212	121	1
212	122	1
212	123	1
212	126	1
212	127	1
212	128	1
212	130	1
212	131	1
212	132	1
212	133	1
212	135	1
212	137	1
212	138	1
212	140	1
212	143	1
212	144	1
212	145	1
212	146	1
212	147	1
212	150	1
212	151	1
212	153	1
212	155	1
213	4	1
213	52	1
213	62	1
213	69	1
213	70	1
213	75	1
213	81	1
213	95	1
213	101	1
213	108	1
213	110	1
213	113	1
213	114	1
213	118	1
213	119	1
213	120	1
213	121	1
213	122	1
213	123	1
213	124	1
213	125	1
213	127	1
213	129	1
213	134	1
213	136	1
213	137	1
213	138	1
213	139	1
213	140	1
213	141	1
213	142	1
213	143	1
213	145	1
213	146	1
213	148	1
213	149	1
213	150	1
213	151	1
213	153	1
214	36	1
214	44	1
214	59	1
214	72	1
214	78	1
214	82	1
214	85	1
214	86	1
214	91	1
214	92	1
214	94	1
214	96	1
214	99	1
214	100	1
214	115	1
214	117	1
214	119	1
214	120	1
214	122	1
214	124	1
214	127	1
214	130	1
214	131	1
214	132	1
214	133	1
214	134	1
214	135	1
214	138	1
214	143	1
214	145	1
214	146	1
214	147	1
214	148	1
214	149	1
214	150	1
214	151	1
214	152	1
214	153	1
214	154	1
214	155	1
215	66	1
215	70	1
215	72	1
215	73	1
215	81	1
215	82	1
215	92	1
215	93	1
215	94	1
215	95	1
215	96	1
215	97	1
215	100	1
215	112	1
215	113	1
215	116	1
215	117	1
215	118	1
215	120	1
215	122	1
215	126	1
215	127	1
215	128	1
215	131	1
215	132	1
215	133	1
215	134	1
215	135	1
215	136	1
215	137	1
215	141	1
215	143	1
215	148	1
215	149	1
215	150	1
215	151	1
215	152	1
215	153	1
215	155	1
216	50	1
216	62	1
216	64	1
216	71	1
216	76	1
216	89	1
216	97	1
216	99	1
216	101	1
216	102	1
216	103	1
216	105	1
216	107	1
216	109	1
216	110	1
216	111	1
216	113	1
216	116	1
216	117	1
216	121	1
216	125	1
216	127	1
216	128	1
216	130	1
216	131	1
216	133	1
216	134	1
216	136	1
216	137	1
216	141	1
216	144	1
216	145	1
216	146	1
216	148	1
216	149	1
216	151	1
216	153	1
216	154	1
216	155	1
217	46	1
217	58	1
217	72	1
217	74	1
217	82	1
217	89	1
217	91	1
217	101	1
217	104	1
217	108	1
217	110	1
217	112	1
217	114	1
217	115	1
217	120	1
217	122	1
217	124	1
217	125	1
217	126	1
217	127	1
217	130	1
217	132	1
217	134	1
217	135	1
217	136	1
217	137	1
217	138	1
217	139	1
217	140	1
217	142	1
217	145	1
217	146	1
217	147	1
217	148	1
217	149	1
217	150	1
217	151	1
217	154	1
217	155	1
218	30	1
218	33	1
218	63	1
218	65	1
218	81	1
218	82	1
218	91	1
218	94	1
218	97	1
218	103	1
218	105	1
218	113	1
218	114	1
218	115	1
218	116	1
218	117	1
218	118	1
218	119	1
218	122	1
218	123	1
218	124	1
218	125	1
218	127	1
218	128	1
218	129	1
218	130	1
218	135	1
218	137	1
218	138	1
218	141	1
218	143	1
218	144	1
218	145	1
218	147	1
218	149	1
218	150	1
218	151	1
218	152	1
218	153	1
218	154	1
219	37	1
219	52	1
219	83	1
219	84	1
219	85	1
219	86	1
219	87	1
219	93	1
219	100	1
219	102	1
219	103	1
219	107	1
219	115	1
219	116	1
219	117	1
219	123	1
219	129	1
219	130	1
219	132	1
219	133	1
219	134	1
219	135	1
219	136	1
219	137	1
219	138	1
219	140	1
219	141	1
219	142	1
219	144	1
219	146	1
219	147	1
219	148	1
219	149	1
219	150	1
219	151	1
219	152	1
219	153	1
219	154	1
219	155	1
220	7	1
220	13	1
220	77	1
220	86	1
220	93	1
220	96	1
220	98	1
220	102	1
220	103	1
220	106	1
220	108	1
220	109	1
220	110	1
220	116	1
220	117	1
220	120	1
220	121	1
220	123	1
220	125	1
220	126	1
220	127	1
220	128	1
220	130	1
220	133	1
220	135	1
220	136	1
220	137	1
220	139	1
220	140	1
220	142	1
220	144	1
220	145	1
220	146	1
220	148	1
220	149	1
220	150	1
220	151	1
220	152	1
220	153	1
221	15	1
221	62	1
221	74	1
221	77	1
221	92	1
221	100	1
221	102	1
221	104	1
221	106	1
221	107	1
221	108	1
221	109	1
221	113	1
221	114	1
221	118	1
221	119	1
221	123	1
221	125	1
221	129	1
221	130	1
221	134	1
221	136	1
221	137	1
221	138	1
221	139	1
221	140	1
221	141	1
221	142	1
221	143	1
221	144	1
221	145	1
221	146	1
221	147	1
221	149	1
221	150	1
221	151	1
221	152	1
221	153	1
221	154	1
222	11	1
222	67	1
222	76	1
222	79	1
222	81	1
222	83	1
222	84	1
222	86	1
222	88	1
222	93	1
222	94	1
222	101	1
222	112	1
222	113	1
222	114	1
222	119	1
222	121	1
222	124	1
222	126	1
222	127	1
222	130	1
222	134	1
222	135	1
222	136	1
222	137	1
222	139	1
222	140	1
222	143	1
222	144	1
222	145	1
222	146	1
222	147	1
222	148	1
222	149	1
222	150	1
222	151	1
222	152	1
222	153	1
222	154	1
222	155	1
223	61	1
223	63	1
223	66	1
223	75	1
223	85	1
223	88	1
223	90	1
223	92	1
223	95	1
223	96	1
223	98	1
223	104	1
223	105	1
223	110	1
223	115	1
223	117	1
223	118	1
223	120	1
223	122	1
223	123	1
223	124	1
223	126	1
223	128	1
223	129	1
223	131	1
223	134	1
223	135	1
223	136	1
223	138	1
223	139	1
223	140	1
223	143	1
223	145	1
223	147	1
223	149	1
223	150	1
223	153	1
223	154	1
223	155	1
224	20	1
224	34	1
224	65	1
224	73	1
224	85	1
224	92	1
224	94	1
224	95	1
224	101	1
224	105	1
224	107	1
224	108	1
224	112	1
224	115	1
224	118	1
224	120	1
224	121	1
224	123	1
224	124	1
224	125	1
224	129	1
224	130	1
224	131	1
224	133	1
224	135	1
224	136	1
224	137	1
224	138	1
224	140	1
224	142	1
224	143	1
224	144	1
224	145	1
224	146	1
224	148	1
224	150	1
224	151	1
224	152	1
224	153	1
224	155	1
225	35	1
225	39	1
225	50	1
225	69	1
225	76	1
225	79	1
225	82	1
225	83	1
225	85	1
225	86	1
225	92	1
225	96	1
225	101	1
225	102	1
225	104	1
225	105	1
225	106	1
225	108	1
225	113	1
225	116	1
225	125	1
225	126	1
225	129	1
225	131	1
225	132	1
225	133	1
225	134	1
225	138	1
225	141	1
225	142	1
225	143	1
225	144	1
225	146	1
225	147	1
225	148	1
225	151	1
225	152	1
225	153	1
225	154	1
225	155	1
226	47	1
226	59	1
226	75	1
226	76	1
226	81	1
226	94	1
226	99	1
226	105	1
226	107	1
226	112	1
226	117	1
226	118	1
226	122	1
226	123	1
226	124	1
226	125	1
226	127	1
226	131	1
226	132	1
226	133	1
226	134	1
226	136	1
226	137	1
226	138	1
226	139	1
226	141	1
226	142	1
226	144	1
226	145	1
226	146	1
226	147	1
226	148	1
226	149	1
226	150	1
226	151	1
226	152	1
226	153	1
226	154	1
226	155	1
227	25	1
227	35	1
227	43	1
227	52	1
227	59	1
227	69	1
227	80	1
227	87	1
227	97	1
227	101	1
227	102	1
227	107	1
227	110	1
227	112	1
227	116	1
227	117	1
227	118	1
227	119	1
227	122	1
227	123	1
227	125	1
227	127	1
227	129	1
227	130	1
227	132	1
227	135	1
227	136	1
227	138	1
227	140	1
227	141	1
227	142	1
227	143	1
227	145	1
227	146	1
227	148	1
227	150	1
227	152	1
227	154	1
227	155	1
228	73	1
228	74	1
228	76	1
228	79	1
228	86	1
228	87	1
228	89	1
228	98	1
228	100	1
228	103	1
228	104	1
228	105	1
228	108	1
228	112	1
228	113	1
228	117	1
228	119	1
228	122	1
228	123	1
228	124	1
228	125	1
228	127	1
228	128	1
228	130	1
228	131	1
228	133	1
228	135	1
228	137	1
228	138	1
228	141	1
228	142	1
228	144	1
228	146	1
228	147	1
228	148	1
228	151	1
228	152	1
228	154	1
228	155	1
229	51	1
229	68	1
229	74	1
229	75	1
229	82	1
229	84	1
229	85	1
229	86	1
229	90	1
229	95	1
229	97	1
229	100	1
229	102	1
229	103	1
229	104	1
229	110	1
229	111	1
229	113	1
229	119	1
229	121	1
229	122	1
229	123	1
229	124	1
229	127	1
229	128	1
229	129	1
229	132	1
229	133	1
229	134	1
229	135	1
229	140	1
229	141	1
229	143	1
229	144	1
229	146	1
229	151	1
229	152	1
229	153	1
229	154	1
230	27	1
230	56	1
230	70	1
230	78	1
230	81	1
230	82	1
230	84	1
230	89	1
230	90	1
230	92	1
230	93	1
230	94	1
230	96	1
230	109	1
230	110	1
230	111	1
230	112	1
230	115	1
230	118	1
230	121	1
230	122	1
230	123	1
230	129	1
230	130	1
230	132	1
230	137	1
230	138	1
230	140	1
230	141	1
230	142	1
230	143	1
230	144	1
230	148	1
230	149	1
230	150	1
230	151	1
230	152	1
230	153	1
230	155	1
231	34	1
231	53	1
231	73	1
231	74	1
231	90	1
231	92	1
231	96	1
231	104	1
231	105	1
231	108	1
231	111	1
231	112	1
231	113	1
231	114	1
231	116	1
231	117	1
231	123	1
231	124	1
231	125	1
231	127	1
231	128	1
231	129	1
231	130	1
231	131	1
231	132	1
231	136	1
231	139	1
231	140	1
231	141	1
231	142	1
231	143	1
231	145	1
231	146	1
231	147	1
231	148	1
231	149	1
231	150	1
231	153	1
231	154	1
231	155	1
232	2	1
232	13	1
232	16	1
232	48	1
232	56	1
232	63	1
232	68	1
232	69	1
232	80	1
232	85	1
232	97	1
232	98	1
232	100	1
232	101	1
232	104	1
232	107	1
232	108	1
232	109	1
232	119	1
232	120	1
232	121	1
232	122	1
232	125	1
232	132	1
232	133	1
232	136	1
232	138	1
232	139	1
232	140	1
232	141	1
232	142	1
232	144	1
232	146	1
232	147	1
232	148	1
232	149	1
232	151	1
232	152	1
232	154	1
232	155	1
233	33	1
233	48	1
233	55	1
233	75	1
233	78	1
233	90	1
233	92	1
233	93	1
233	95	1
233	98	1
233	107	1
233	108	1
233	109	1
233	110	1
233	112	1
233	115	1
233	120	1
233	121	1
233	122	1
233	124	1
233	125	1
233	127	1
233	129	1
233	130	1
233	131	1
233	132	1
233	136	1
233	137	1
233	138	1
233	142	1
233	143	1
233	146	1
233	149	1
233	150	1
233	151	1
233	152	1
233	153	1
233	154	1
233	155	1
234	57	1
234	76	1
234	77	1
234	78	1
234	90	1
234	93	1
234	95	1
234	98	1
234	99	1
234	102	1
234	103	1
234	104	1
234	105	1
234	107	1
234	109	1
234	110	1
234	111	1
234	112	1
234	117	1
234	118	1
234	119	1
234	122	1
234	123	1
234	124	1
234	129	1
234	130	1
234	134	1
234	137	1
234	138	1
234	139	1
234	141	1
234	142	1
234	144	1
234	146	1
234	148	1
234	149	1
234	150	1
234	154	1
234	155	1
235	13	1
235	26	1
235	38	1
235	39	1
235	69	1
235	71	1
235	84	1
235	91	1
235	99	1
235	105	1
235	106	1
235	110	1
235	111	1
235	114	1
235	115	1
235	116	1
235	117	1
235	118	1
235	124	1
235	126	1
235	130	1
235	131	1
235	132	1
235	134	1
235	136	1
235	137	1
235	140	1
235	141	1
235	142	1
235	143	1
235	144	1
235	145	1
235	147	1
235	149	1
235	150	1
235	151	1
235	152	1
235	154	1
235	155	1
236	3	1
236	35	1
236	38	1
236	55	1
236	56	1
236	66	1
236	88	1
236	101	1
236	104	1
236	105	1
236	107	1
236	113	1
236	114	1
236	117	1
236	118	1
236	120	1
236	122	1
236	124	1
236	125	1
236	128	1
236	129	1
236	131	1
236	132	1
236	134	1
236	135	1
236	136	1
236	138	1
236	140	1
236	141	1
236	142	1
236	144	1
236	145	1
236	146	1
236	147	1
236	148	1
236	150	1
236	152	1
236	154	1
236	155	1
237	15	1
237	44	1
237	55	1
237	67	1
237	69	1
237	74	1
237	84	1
237	85	1
237	90	1
237	94	1
237	97	1
237	99	1
237	101	1
237	102	1
237	104	1
237	105	1
237	109	1
237	113	1
237	116	1
237	118	1
237	120	1
237	121	1
237	124	1
237	126	1
237	127	1
237	129	1
237	131	1
237	132	1
237	139	1
237	140	1
237	141	1
237	142	1
237	144	1
237	145	1
237	146	1
237	147	1
237	150	1
237	151	1
237	154	1
237	155	1
238	45	1
238	56	1
238	61	1
238	82	1
238	83	1
238	84	1
238	87	1
238	92	1
238	94	1
238	96	1
238	100	1
238	105	1
238	107	1
238	108	1
238	109	1
238	110	1
238	112	1
238	113	1
238	121	1
238	122	1
238	124	1
238	125	1
238	127	1
238	136	1
238	137	1
238	140	1
238	141	1
238	142	1
238	143	1
238	144	1
238	145	1
238	146	1
238	147	1
238	149	1
238	150	1
238	151	1
238	152	1
238	154	1
238	155	1
239	51	1
239	54	1
239	67	1
239	73	1
239	78	1
239	84	1
239	89	1
239	90	1
239	95	1
239	96	1
239	98	1
239	103	1
239	105	1
239	106	1
239	107	1
239	110	1
239	111	1
239	113	1
239	118	1
239	120	1
239	122	1
239	123	1
239	124	1
239	125	1
239	126	1
239	127	1
239	129	1
239	130	1
239	131	1
239	132	1
239	133	1
239	134	1
239	135	1
239	138	1
239	144	1
239	146	1
239	152	1
239	153	1
239	154	1
240	56	1
240	66	1
240	73	1
240	76	1
240	78	1
240	85	1
240	93	1
240	96	1
240	101	1
240	103	1
240	104	1
240	106	1
240	108	1
240	109	1
240	112	1
240	115	1
240	119	1
240	120	1
240	122	1
240	123	1
240	125	1
240	126	1
240	127	1
240	130	1
240	132	1
240	133	1
240	135	1
240	136	1
240	137	1
240	138	1
240	140	1
240	141	1
240	142	1
240	143	1
240	144	1
240	149	1
240	151	1
240	152	1
240	154	1
240	155	1
241	16	1
241	54	1
241	55	1
241	57	1
241	79	1
241	86	1
241	92	1
241	96	1
241	98	1
241	105	1
241	111	1
241	113	1
241	114	1
241	116	1
241	119	1
241	120	1
241	122	1
241	123	1
241	125	1
241	127	1
241	128	1
241	129	1
241	131	1
241	132	1
241	133	1
241	134	1
241	135	1
241	138	1
241	139	1
241	142	1
241	146	1
241	147	1
241	148	1
241	149	1
241	150	1
241	151	1
241	152	1
241	153	1
241	154	1
241	155	1
242	7	1
242	24	1
242	47	1
242	70	1
242	72	1
242	79	1
242	86	1
242	91	1
242	92	1
242	97	1
242	98	1
242	99	1
242	102	1
242	105	1
242	106	1
242	107	1
242	110	1
242	114	1
242	117	1
242	118	1
242	123	1
242	125	1
242	128	1
242	129	1
242	130	1
242	133	1
242	134	1
242	138	1
242	139	1
242	140	1
242	141	1
242	142	1
242	145	1
242	146	1
242	148	1
242	150	1
242	151	1
242	152	1
242	153	1
242	154	1
243	69	1
243	70	1
243	79	1
243	87	1
243	92	1
243	94	1
243	97	1
243	98	1
243	99	1
243	100	1
243	103	1
243	110	1
243	111	1
243	112	1
243	115	1
243	116	1
243	120	1
243	123	1
243	126	1
243	127	1
243	130	1
243	131	1
243	132	1
243	136	1
243	137	1
243	139	1
243	143	1
243	144	1
243	145	1
243	146	1
243	147	1
243	148	1
243	149	1
243	150	1
243	151	1
243	152	1
243	153	1
243	154	1
243	155	1
244	8	1
244	20	1
244	46	1
244	50	1
244	68	1
244	69	1
244	76	1
244	79	1
244	90	1
244	92	1
244	95	1
244	98	1
244	99	1
244	101	1
244	107	1
244	111	1
244	112	1
244	115	1
244	116	1
244	120	1
244	121	1
244	124	1
244	129	1
244	133	1
244	135	1
244	136	1
244	138	1
244	139	1
244	140	1
244	142	1
244	143	1
244	144	1
244	145	1
244	147	1
244	148	1
244	150	1
244	151	1
244	152	1
244	154	1
244	155	1
245	23	1
245	27	1
245	36	1
245	39	1
245	47	1
245	51	1
245	63	1
245	77	1
245	88	1
245	92	1
245	99	1
245	104	1
245	108	1
245	111	1
245	112	1
245	115	1
245	116	1
245	117	1
245	121	1
245	122	1
245	126	1
245	127	1
245	129	1
245	131	1
245	133	1
245	137	1
245	139	1
245	140	1
245	142	1
245	143	1
245	144	1
245	146	1
245	147	1
245	149	1
245	150	1
245	151	1
245	152	1
245	154	1
245	155	1
246	6	1
246	66	1
246	83	1
246	86	1
246	87	1
246	90	1
246	91	1
246	99	1
246	101	1
246	104	1
246	105	1
246	109	1
246	113	1
246	117	1
246	123	1
246	124	1
246	126	1
246	127	1
246	128	1
246	129	1
246	130	1
246	131	1
246	132	1
246	133	1
246	134	1
246	136	1
246	138	1
246	139	1
246	143	1
246	144	1
246	145	1
246	146	1
246	147	1
246	148	1
246	149	1
246	150	1
246	151	1
246	153	1
246	155	1
247	19	1
247	29	1
247	45	1
247	50	1
247	70	1
247	72	1
247	80	1
247	81	1
247	86	1
247	91	1
247	92	1
247	95	1
247	105	1
247	108	1
247	110	1
247	112	1
247	114	1
247	121	1
247	125	1
247	127	1
247	128	1
247	131	1
247	132	1
247	134	1
247	135	1
247	136	1
247	137	1
247	138	1
247	139	1
247	142	1
247	143	1
247	144	1
247	145	1
247	146	1
247	148	1
247	149	1
247	150	1
247	152	1
247	154	1
247	155	1
248	9	1
248	58	1
248	60	1
248	68	1
248	78	1
248	79	1
248	81	1
248	84	1
248	96	1
248	101	1
248	102	1
248	103	1
248	107	1
248	109	1
248	110	1
248	111	1
248	117	1
248	118	1
248	119	1
248	124	1
248	129	1
248	131	1
248	132	1
248	133	1
248	134	1
248	136	1
248	137	1
248	138	1
248	141	1
248	142	1
248	144	1
248	145	1
248	146	1
248	148	1
248	150	1
248	151	1
248	152	1
248	153	1
248	154	1
248	155	1
249	24	1
249	47	1
249	49	1
249	70	1
249	72	1
249	78	1
249	79	1
249	87	1
249	93	1
249	96	1
249	102	1
249	103	1
249	106	1
249	113	1
249	115	1
249	117	1
249	122	1
249	123	1
249	126	1
249	127	1
249	128	1
249	129	1
249	130	1
249	131	1
249	132	1
249	133	1
249	134	1
249	135	1
249	137	1
249	138	1
249	140	1
249	143	1
249	144	1
249	146	1
249	147	1
249	148	1
249	153	1
249	154	1
249	155	1
